40
20
*** GearHead Location Record ***
43
13
5
14
34
13
6
14
20
13
7
14
8
13
5
14
20
13
8
14
9
13
3
14
20
13
7
14
10
13
3
14
20
13
3
14
12
13
30
14
9
13
32
14
7
13
33
14
8
13
32
14
9
13
30
14
12
13
3
14
20
13
3
14
6
13
1
14
7
13
3
14
20
13
3
14
5
13
3
14
6
13
3
14
21
13
1
15
6
13
3
14
4
13
5
14
20
13
3
14
5
13
3
14
3
13
6
14
20
13
3
14
5
13
3
14
4
13
5
14
20
13
11
14
29
13
11
14
29
13
11
14
41
13
***
800
0 0 0 0 0
Stats 1 13 2 2 3 5 4 5 
-1
Z
-1
-1
0 0 0 0 0
Stats 1 20 2 2 3 5 4 5 
-1
Z
-1
-1
0 0 0 0 0
Stats 1 13 2 12 3 5 4 5 5 2 
-1
Z
-1
-1
0 0 0 0 0
Stats 1 20 2 12 3 5 4 5 5 2 
-1
Z
-1
-1
-1
