40
40
*** GearHead Location Record ***
45
13
2
14
37
13
4
14
35
13
12
14
7
13
3
14
5
13
3
14
9
13
14
14
5
13
6
14
2
13
5
14
7
13
16
14
3
13
15
14
6
13
11
14
2
13
3
14
3
13
3
14
2
13
11
14
6
13
10
14
2
13
3
14
4
13
3
14
2
13
11
14
6
13
8
14
3
13
3
14
4
13
3
14
2
13
11
14
7
13
6
14
4
13
5
14
2
13
3
14
2
13
11
14
7
13
5
14
6
13
8
14
4
13
9
14
8
13
4
14
8
13
1
14
1
13
4
14
6
13
7
14
9
13
3
14
12
13
3
14
7
13
6
14
9
13
3
14
12
13
2
14
9
13
5
14
9
13
7
14
7
13
3
14
11
13
3
14
10
13
7
14
6
13
2
14
9
13
6
14
11
13
6
14
5
13
3
14
8
13
7
14
14
13
2
14
5
13
4
14
8
13
6
14
15
13
3
14
3
13
6
14
3
13
1
14
2
13
3
14
18
13
9
14
2
13
3
14
1
13
7
14
17
13
9
14
4
13
14
14
12
13
4
14
11
13
2
14
4
13
8
14
10
13
4
14
12
13
2
14
6
13
7
14
8
13
5
14
12
13
3
14
10
13
3
14
7
13
3
14
15
13
2
14
10
13
3
14
7
13
3
14
14
13
3
14
10
13
3
14
7
13
6
14
10
13
3
14
11
13
3
14
8
13
6
14
8
13
3
14
11
13
3
14
9
13
7
14
6
13
4
14
10
13
4
14
8
13
9
14
5
13
3
14
10
13
5
14
7
13
11
14
3
13
4
14
9
13
7
14
6
13
11
14
2
13
6
14
7
13
9
14
5
13
11
14
2
13
2
14
2
13
3
14
6
13
10
14
5
13
14
14
2
13
7
14
2
13
10
14
6
13
13
14
3
13
18
14
7
13
5
14
2
13
4
14
7
13
14
14
9
13
3
14
20
13
7
14
34
13
5
14
36
13
3
14
45
13
***
1600
-1
